  0.00000000E+00   -0.127399663882E+03
  0.10000000E+01   -0.123487813882E+03
  0.20000000E+01   -0.120258263882E+03
  0.30000000E+01   -0.117423423882E+03
  0.40000000E+01   -0.114865804882E+03
  0.50000000E+01   -0.112519941882E+03
  0.60000000E+01   -0.110345934882E+03
  0.70000000E+01   -0.108315382882E+03
  0.80000000E+01   -0.106407454882E+03
  0.90000000E+01   -0.104606301882E+03
  0.10000000E+02   -0.102899833882E+03
  0.11000000E+02   -0.101278199882E+03
  0.12000000E+02   -0.997326038817E+02
  0.13000000E+02   -0.982566818817E+02
  0.14000000E+02   -0.968442448817E+02
  0.15000000E+02   -0.954902608817E+02
  0.16000000E+02   -0.941901278817E+02
  0.17000000E+02   -0.929400788817E+02
  0.18000000E+02   -0.917365278817E+02
  0.19000000E+02   -0.905767408817E+02
  0.20000000E+02   -0.894577978817E+02
  0.21000000E+02   -0.883772628817E+02
  0.22000000E+02   -0.873326688817E+02
  0.23000000E+02   -0.863219748817E+02
  0.24000000E+02   -0.853437038817E+02
  0.25000000E+02   -0.843959408817E+02
  0.26000000E+02   -0.834770188817E+02
  0.27000000E+02   -0.825857328817E+02
  0.28000000E+02   -0.817205168817E+02
  0.29000000E+02   -0.808801548817E+02
  0.30000000E+02   -0.800634528817E+02
  0.31000000E+02   -0.792693908817E+02
  0.32000000E+02   -0.784969308817E+02
  0.33000000E+02   -0.777451738817E+02
  0.34000000E+02   -0.770134248817E+02
  0.35000000E+02   -0.763006838817E+02
  0.36000000E+02   -0.756060428817E+02
  0.37000000E+02   -0.749288168817E+02
  0.38000000E+02   -0.742684748817E+02
  0.39000000E+02   -0.736243228817E+02
  0.40000000E+02   -0.729956678817E+02
  0.41000000E+02   -0.723813748817E+02
  0.42000000E+02   -0.717816138817E+02
  0.43000000E+02   -0.711955718817E+02
  0.44000000E+02   -0.706228528817E+02
  0.45000000E+02   -0.700629698817E+02
  0.46000000E+02   -0.695154188817E+02
  0.47000000E+02   -0.689797148817E+02
  0.48000000E+02   -0.684553768817E+02
  0.49000000E+02   -0.679420218817E+02
  0.50000000E+02   -0.674394088817E+02
  0.51000000E+02   -0.669471988817E+02
  0.52000000E+02   -0.664648928817E+02
  0.53000000E+02   -0.659922058817E+02
  0.54000000E+02   -0.655286378817E+02
  0.55000000E+02   -0.650739868817E+02
  0.56000000E+02   -0.646282288817E+02
  0.57000000E+02   -0.641908018817E+02
  0.58000000E+02   -0.637615008817E+02
  0.59000000E+02   -0.633399248817E+02
  0.60000000E+02   -0.629260568817E+02
  0.61000000E+02   -0.625194968817E+02
  0.62000000E+02   -0.621199018817E+02
  0.63000000E+02   -0.617273998817E+02
  0.64000000E+02   -0.613415258817E+02
  0.65000000E+02   -0.609621598817E+02
  0.66000000E+02   -0.605889588817E+02
  0.67000000E+02   -0.602218208817E+02
  0.68000000E+02   -0.598605498817E+02
  0.69000000E+02   -0.595049518817E+02
  0.70000000E+02   -0.591550728817E+02
  0.71000000E+02   -0.588106598817E+02
  0.72000000E+02   -0.584712308817E+02
  0.73000000E+02   -0.581368458817E+02
  0.74000000E+02   -0.578073928817E+02
  0.75000000E+02   -0.574827518817E+02
  0.76000000E+02   -0.571626588817E+02
  0.77000000E+02   -0.568469638817E+02
  0.78000000E+02   -0.565355308817E+02
  0.79000000E+02   -0.562284958817E+02
  0.80000000E+02   -0.559254208817E+02
  0.81000000E+02   -0.556262058817E+02
  0.82000000E+02   -0.553309248817E+02
  0.83000000E+02   -0.550392568817E+02
  0.84000000E+02   -0.547511848817E+02
  0.85000000E+02   -0.544666298817E+02
  0.86000000E+02   -0.541852718817E+02
  0.87000000E+02   -0.539073768817E+02
  0.88000000E+02   -0.536325408817E+02
  0.89000000E+02   -0.533609528817E+02
  0.90000000E+02   -0.530925168817E+02
  0.91000000E+02   -0.528269718817E+02
  0.92000000E+02   -0.525640798817E+02
  0.93000000E+02   -0.523041838817E+02
  0.94000000E+02   -0.520470298817E+02
  0.95000000E+02   -0.517922258817E+02
  0.96000000E+02   -0.515398528817E+02
  0.97000000E+02   -0.512898148817E+02
  0.98000000E+02   -0.510422668817E+02
  0.99000000E+02   -0.507969318817E+02
  0.10000000E+03   -0.505535818817E+02
  0.10100000E+03   -0.503125108817E+02
  0.10200000E+03   -0.500736518817E+02
  0.10300000E+03   -0.498371448817E+02
  0.10400000E+03   -0.496026508817E+02
  0.10500000E+03   -0.493699248817E+02
  0.10600000E+03   -0.491390318817E+02
  0.10700000E+03   -0.489096618817E+02
  0.10800000E+03   -0.486820738817E+02
  0.10900000E+03   -0.484562668817E+02
  0.11000000E+03   -0.482324678817E+02
  0.11100000E+03   -0.480099478817E+02
  0.11200000E+03   -0.477891548817E+02
  0.11300000E+03   -0.475697778817E+02
  0.11400000E+03   -0.473518438817E+02
  0.11500000E+03   -0.471352628817E+02
  0.11600000E+03   -0.469200798817E+02
  0.11700000E+03   -0.467060538817E+02
  0.11800000E+03   -0.464936438817E+02
  0.11900000E+03   -0.462826198817E+02
  0.12000000E+03   -0.460725098817E+02
  0.12100000E+03   -0.458636708817E+02
  0.12200000E+03   -0.456556798817E+02
  0.12300000E+03   -0.454489648817E+02
  0.12400000E+03   -0.452435108817E+02
  0.12500000E+03   -0.450389598817E+02
  0.12600000E+03   -0.448355078817E+02
  0.12700000E+03   -0.446329918817E+02
  0.12800000E+03   -0.444314478817E+02
  0.12900000E+03   -0.442305198817E+02
  0.13000000E+03   -0.440305438817E+02
  0.13100000E+03   -0.438313688817E+02
  0.13200000E+03   -0.436333138817E+02
  0.13300000E+03   -0.434362138817E+02
  0.13400000E+03   -0.432398288817E+02
  0.13500000E+03   -0.430439238817E+02
  0.13600000E+03   -0.428487628817E+02
  0.13700000E+03   -0.426543038817E+02
  0.13800000E+03   -0.424607098817E+02
  0.13900000E+03   -0.422676698817E+02
  0.14000000E+03   -0.420751758817E+02
  0.14100000E+03   -0.418832178817E+02
  0.14200000E+03   -0.416918058817E+02
  0.14300000E+03   -0.415015418817E+02
  0.14400000E+03   -0.413115648817E+02
  0.14500000E+03   -0.411221178817E+02
  0.14600000E+03   -0.409330228817E+02
  0.14700000E+03   -0.407447348817E+02
  0.14800000E+03   -0.405568898817E+02
  0.14900000E+03   -0.403694948817E+02
  0.15000000E+03   -0.401824718817E+02
  0.15100000E+03   -0.399960738817E+02
  0.15200000E+03   -0.398099358817E+02
  0.15300000E+03   -0.396243948817E+02
  0.15400000E+03   -0.394391948817E+02
  0.15500000E+03   -0.392539868817E+02
  0.15600000E+03   -0.390694038817E+02
  0.15700000E+03   -0.388850138817E+02
  0.15800000E+03   -0.387010198817E+02
  0.15900000E+03   -0.385173598817E+02
  0.16000000E+03   -0.383338918817E+02
  0.16100000E+03   -0.381508108817E+02
  0.16200000E+03   -0.379682138817E+02
  0.16300000E+03   -0.377858038817E+02
  0.16400000E+03   -0.376036138817E+02
  0.16500000E+03   -0.374216708817E+02
  0.16600000E+03   -0.372399818817E+02
  0.16700000E+03   -0.370584588817E+02
  0.16800000E+03   -0.368772978817E+02
  0.16900000E+03   -0.366961748817E+02
  0.17000000E+03   -0.365154438817E+02
  0.17100000E+03   -0.363349988817E+02
  0.17200000E+03   -0.361546398817E+02
  0.17300000E+03   -0.359743378817E+02
  0.17400000E+03   -0.357943668817E+02
  0.17500000E+03   -0.356145848817E+02
  0.17600000E+03   -0.354347298817E+02
  0.17700000E+03   -0.352550988817E+02
  0.17800000E+03   -0.350756578817E+02
  0.17900000E+03   -0.348962188817E+02
  0.18000000E+03   -0.347168348817E+02
  0.18100000E+03   -0.345374598817E+02
  0.18200000E+03   -0.343586398817E+02
  0.18300000E+03   -0.341796028817E+02
  0.18400000E+03   -0.340010168817E+02
  0.18500000E+03   -0.338226418817E+02
  0.18600000E+03   -0.336440508817E+02
  0.18700000E+03   -0.334656388817E+02
  0.18800000E+03   -0.332873788817E+02
  0.18900000E+03   -0.331088128817E+02
  0.19000000E+03   -0.329299818817E+02
  0.19100000E+03   -0.327518128817E+02
  0.19200000E+03   -0.325736348817E+02
  0.19300000E+03   -0.323955618817E+02
  0.19400000E+03   -0.322172638817E+02
  0.19500000E+03   -0.320392638817E+02
  0.19600000E+03   -0.318615158817E+02
  0.19700000E+03   -0.316837218817E+02
  0.19800000E+03   -0.315058748817E+02
  0.19900000E+03   -0.313281938817E+02
  0.20000000E+03   -0.311501928817E+02
  0.20100000E+03   -0.309725198817E+02
  0.20200000E+03   -0.307946178817E+02
  0.20300000E+03   -0.306168218817E+02
  0.20400000E+03   -0.304391208817E+02
  0.20500000E+03   -0.302614448817E+02
  0.20600000E+03   -0.300838748817E+02
  0.20700000E+03   -0.299062398817E+02
  0.20800000E+03   -0.297284778817E+02
  0.20900000E+03   -0.295509298817E+02
  0.21000000E+03   -0.293732008817E+02
  0.21100000E+03   -0.291955498817E+02
  0.21200000E+03   -0.290178988817E+02
  0.21300000E+03   -0.288400968817E+02
  0.21400000E+03   -0.286623718817E+02
  0.21500000E+03   -0.284847788817E+02
  0.21600000E+03   -0.283069918817E+02
  0.21700000E+03   -0.281290598817E+02
  0.21800000E+03   -0.279513528817E+02
  0.21900000E+03   -0.277738848817E+02
  0.22000000E+03   -0.275960988817E+02
  0.22100000E+03   -0.274182178817E+02
  0.22200000E+03   -0.272403228817E+02
  0.22300000E+03   -0.270623828817E+02
  0.22400000E+03   -0.268844398817E+02
  0.22500000E+03   -0.267067268817E+02
  0.22600000E+03   -0.265287638817E+02
  0.22700000E+03   -0.263507988817E+02
  0.22800000E+03   -0.261725928817E+02
  0.22900000E+03   -0.259949338817E+02
  0.23000000E+03   -0.258167088817E+02
  0.23100000E+03   -0.256390118817E+02
  0.23200000E+03   -0.254613118817E+02
  0.23300000E+03   -0.252834038817E+02
  0.23400000E+03   -0.251054403817E+02
  0.23500000E+03   -0.249275104817E+02
  0.23600000E+03   -0.247496567817E+02
  0.23700000E+03   -0.245712794817E+02
  0.23800000E+03   -0.243932079817E+02
  0.23900000E+03   -0.242153546817E+02
  0.24000000E+03   -0.240371200817E+02
  0.24100000E+03   -0.238592512817E+02
  0.24200000E+03   -0.236811819817E+02
  0.24300000E+03   -0.235032898817E+02
  0.24400000E+03   -0.233250816817E+02
  0.24500000E+03   -0.231471282817E+02
  0.24600000E+03   -0.229694612817E+02
  0.24700000E+03   -0.227919407817E+02
  0.24800000E+03   -0.226143318817E+02
  0.24900000E+03   -0.224362391817E+02
  0.25000000E+03   -0.222590256817E+02
  0.25100000E+03   -0.220814358817E+02
  0.25200000E+03   -0.219043745817E+02
  0.25300000E+03   -0.217265711817E+02
  0.25400000E+03   -0.215492570817E+02
  0.25500000E+03   -0.213721013817E+02
  0.25600000E+03   -0.211945101817E+02
  0.25700000E+03   -0.210172727817E+02
  0.25800000E+03   -0.208400757817E+02
  0.25900000E+03   -0.206633497817E+02
  0.26000000E+03   -0.204864513817E+02
  0.26100000E+03   -0.203096082817E+02
  0.26200000E+03   -0.201329899817E+02
  0.26300000E+03   -0.199563398817E+02
  0.26400000E+03   -0.197798062817E+02
  0.26500000E+03   -0.196033803817E+02
  0.26600000E+03   -0.194271214817E+02
  0.26700000E+03   -0.192511972817E+02
  0.26800000E+03   -0.190748430817E+02
  0.26900000E+03   -0.188990683817E+02
  0.27000000E+03   -0.187235016817E+02
  0.27100000E+03   -0.185478091817E+02
  0.27200000E+03   -0.183729028817E+02
  0.27300000E+03   -0.181977395817E+02
  0.27400000E+03   -0.180225430817E+02
  0.27500000E+03   -0.178479684817E+02
  0.27600000E+03   -0.176733898150E+02
  0.27700000E+03   -0.174988482817E+02
  0.27800000E+03   -0.173247023817E+02
  0.27900000E+03   -0.171505106817E+02
  0.28000000E+03   -0.169766217984E+02
  0.28100000E+03   -0.168029957984E+02
  0.28200000E+03   -0.166298637984E+02
  0.28300000E+03   -0.164567457984E+02
  0.28400000E+03   -0.162839177984E+02
  0.28500000E+03   -0.161115487984E+02
  0.28600000E+03   -0.159393557984E+02
  0.28700000E+03   -0.157670377984E+02
  0.28800000E+03   -0.155952847984E+02
  0.28900000E+03   -0.154240237984E+02
  0.29000000E+03   -0.152530577984E+02
  0.29100000E+03   -0.150823097984E+02
  0.29200000E+03   -0.149120177984E+02
  0.29300000E+03   -0.147419417984E+02
  0.29400000E+03   -0.145724717984E+02
  0.29500000E+03   -0.144031967984E+02
  0.29600000E+03   -0.142345677984E+02
  0.29700000E+03   -0.140661697984E+02
  0.29800000E+03   -0.138983177984E+02
  0.29900000E+03   -0.137308347984E+02
  0.30000000E+03   -0.135637624984E+02
  0.30100000E+03   -0.133973133984E+02
  0.30200000E+03   -0.132313693984E+02
  0.30300000E+03   -0.130661620984E+02
  0.30400000E+03   -0.129011923984E+02
  0.30500000E+03   -0.127366313984E+02
  0.30600000E+03   -0.125726966984E+02
  0.30700000E+03   -0.124095609984E+02
  0.30800000E+03   -0.122469787984E+02
  0.30900000E+03   -0.120846408984E+02
  0.31000000E+03   -0.119234983984E+02
  0.31100000E+03   -0.117625533984E+02
  0.31200000E+03   -0.116025818984E+02
  0.31300000E+03   -0.114430448984E+02
  0.31400000E+03   -0.112843241984E+02
  0.31500000E+03   -0.111261761984E+02
  0.31600000E+03   -0.109688733984E+02
  0.31700000E+03   -0.108122713984E+02
  0.31800000E+03   -0.106564029984E+02
  0.31900000E+03   -0.105015327984E+02
  0.32000000E+03   -0.103474194984E+02
  0.32100000E+03   -0.101939836984E+02
  0.32200000E+03   -0.100415633984E+02
  0.32300000E+03   -0.989017159835E+01
  0.32400000E+03   -0.973979639835E+01
  0.32500000E+03   -0.959038089835E+01
  0.32600000E+03   -0.944161199835E+01
  0.32700000E+03   -0.929386289835E+01
  0.32800000E+03   -0.914744469835E+01
  0.32900000E+03   -0.900195409835E+01
  0.33000000E+03   -0.885767249835E+01
  0.33100000E+03   -0.871427909835E+01
  0.33200000E+03   -0.857183549835E+01
  0.33300000E+03   -0.843060349835E+01
  0.33400000E+03   -0.829062339835E+01
  0.33500000E+03   -0.815188619835E+01
  0.33600000E+03   -0.801464339835E+01
  0.33700000E+03   -0.787816409835E+01
  0.33800000E+03   -0.774359409835E+01
  0.33900000E+03   -0.761048069835E+01
  0.34000000E+03   -0.747839889835E+01
  0.34100000E+03   -0.734815139835E+01
  0.34200000E+03   -0.721889959835E+01
  0.34300000E+03   -0.709157349835E+01
  0.34400000E+03   -0.696560659835E+01
  0.34500000E+03   -0.684123059835E+01
  0.34600000E+03   -0.671852959835E+01
  0.34700000E+03   -0.659758899835E+01
  0.34800000E+03   -0.647847289835E+01
  0.34900000E+03   -0.636087259835E+01
  0.35000000E+03   -0.624503683169E+01
  0.35100000E+03   -0.613098753169E+01
  0.35200000E+03   -0.601882973169E+01
  0.35300000E+03   -0.590880079835E+01
  0.35400000E+03   -0.580051719835E+01
  0.35500000E+03   -0.569440869835E+01
  0.35600000E+03   -0.559008199835E+01
  0.35700000E+03   -0.548818839835E+01
  0.35800000E+03   -0.538800219835E+01
  0.35900000E+03   -0.529057799835E+01
  0.36000000E+03   -0.519491139835E+01
  0.36100000E+03   -0.510159149835E+01
  0.36200000E+03   -0.501071229835E+01
  0.36300000E+03   -0.492228689835E+01
  0.36400000E+03   -0.483635229835E+01
  0.36500000E+03   -0.475269129835E+01
  0.36600000E+03   -0.467194059835E+01
  0.36700000E+03   -0.459338529835E+01
  0.36800000E+03   -0.451733959835E+01
  0.36900000E+03   -0.444457429835E+01
  0.37000000E+03   -0.437432089835E+01
  0.37100000E+03   -0.430695669835E+01
  0.37200000E+03   -0.424261059835E+01
  0.37300000E+03   -0.418125199835E+01
  0.37400000E+03   -0.412307359835E+01
  0.37500000E+03   -0.406789979835E+01
  0.37600000E+03   -0.401582369835E+01
  0.37700000E+03   -0.396699869835E+01
  0.37800000E+03   -0.392140859835E+01
  0.37900000E+03   -0.387949269835E+01
  0.38000000E+03   -0.384077189835E+01
  0.38100000E+03   -0.380556949835E+01
  0.38200000E+03   -0.377383869835E+01
  0.38300000E+03   -0.374587419835E+01
  0.38400000E+03   -0.372165769835E+01
  0.38500000E+03   -0.370149119835E+01
  0.38600000E+03   -0.368505239835E+01
  0.38700000E+03   -0.367277079835E+01
  0.38800000E+03   -0.366452889835E+01
  0.38900000E+03   -0.366020239835E+01
  0.39000000E+03   -0.366025409835E+01
  0.39100000E+03   -0.366409079835E+01
  0.39200000E+03   -0.367261979835E+01
  0.39300000E+03   -0.368521519835E+01
  0.39400000E+03   -0.370249319835E+01
  0.39500000E+03   -0.372461839835E+01
  0.39600000E+03   -0.375164009835E+01
  0.39700000E+03   -0.378333929835E+01
  0.39800000E+03   -0.381970599835E+01
  0.39900000E+03   -0.386122489835E+01
  0.40000000E+03   -0.390819279835E+01
  0.40100000E+03   -0.395996139835E+01
  0.40200000E+03   -0.401748569835E+01
  0.40300000E+03   -0.407998109835E+01
  0.40400000E+03   -0.414791879835E+01
  0.40500000E+03   -0.422177833169E+01
  0.40600000E+03   -0.430153383169E+01
  0.40700000E+03   -0.438666203169E+01
  0.40800000E+03   -0.447788153169E+01
  0.40900000E+03   -0.457519733169E+01
  0.41000000E+03   -0.467907163169E+01
  0.41100000E+03   -0.478859413169E+01
  0.41200000E+03   -0.490450203169E+01
  0.41300000E+03   -0.502714133169E+01
  0.41400000E+03   -0.515606463169E+01
  0.41500000E+03   -0.529143703169E+01
  0.41600000E+03   -0.543379223169E+01
  0.41700000E+03   -0.558303043169E+01
  0.41800000E+03   -0.573945603169E+01
  0.41900000E+03   -0.590357493169E+01
  0.42000000E+03   -0.607464133169E+01
  0.42100000E+03   -0.625308733169E+01
  0.42200000E+03   -0.643886863169E+01
  0.42300000E+03   -0.663266933169E+01
  0.42400000E+03   -0.683412843169E+01
  0.42500000E+03   -0.704327103169E+01
  0.42600000E+03   -0.725978153169E+01
  0.42700000E+03   -0.748548313169E+01
  0.42800000E+03   -0.771893303169E+01
  0.42900000E+03   -0.796076023169E+01
  0.43000000E+03   -0.821147123169E+01
  0.43100000E+03   -0.847094443169E+01
  0.43200000E+03   -0.873963083169E+01
  0.43300000E+03   -0.901677643169E+01
  0.43400000E+03   -0.930306883169E+01
  0.43500000E+03   -0.959906113169E+01
  0.43600000E+03   -0.990478983169E+01
  0.43700000E+03   -0.102197388317E+02
  0.43800000E+03   -0.105447561317E+02
  0.43900000E+03   -0.108792585317E+02
  0.44000000E+03   -0.112242882317E+02
  0.44100000E+03   -0.115797853317E+02
  0.44200000E+03   -0.119453970150E+02
  0.44300000E+03   -0.123214686817E+02
  0.44400000E+03   -0.127085701817E+02
  0.44500000E+03   -0.131064423817E+02
  0.44600000E+03   -0.135152345484E+02
  0.44700000E+03   -0.139354874484E+02
  0.44800000E+03   -0.143671092484E+02
  0.44900000E+03   -0.148091894484E+02
  0.45000000E+03   -0.152631557484E+02
  0.45100000E+03   -0.157294204484E+02
  0.45200000E+03   -0.162080644484E+02
  0.45300000E+03   -0.166985180484E+02
  0.45400000E+03   -0.172006793484E+02
  0.45500000E+03   -0.177155367484E+02
  0.45600000E+03   -0.182434029484E+02
  0.45700000E+03   -0.187840436484E+02
  0.45800000E+03   -0.193371536484E+02
  0.45900000E+03   -0.199031816484E+02
  0.46000000E+03   -0.204828327484E+02
  0.46100000E+03   -0.210757757484E+02
  0.46200000E+03   -0.216836087484E+02
  0.46300000E+03   -0.223049257484E+02
  0.46400000E+03   -0.229407697484E+02
  0.46500000E+03   -0.235908077484E+02
  0.46600000E+03   -0.242553097484E+02
  0.46700000E+03   -0.249350837484E+02
  0.46800000E+03   -0.256295637484E+02
  0.46900000E+03   -0.263387187484E+02
  0.47000000E+03   -0.270642267484E+02
  0.47100000E+03   -0.278043177484E+02
  0.47200000E+03   -0.285596277484E+02
  0.47300000E+03   -0.293309407484E+02
  0.47400000E+03   -0.301194877484E+02
  0.47500000E+03   -0.309238147484E+02
  0.47600000E+03   -0.317443267834E+02
  0.47700000E+03   -0.325818700167E+02
  0.47800000E+03   -0.334358956667E+02
  0.47900000E+03   -0.343066491334E+02
  0.48000000E+03   -0.351950966334E+02
  0.48100000E+03   -0.361002977334E+02
  0.48200000E+03   -0.370245557334E+02
  0.48300000E+03   -0.379666310334E+02
  0.48400000E+03   -0.389258785334E+02
  0.48500000E+03   -0.399037594334E+02
  0.48600000E+03   -0.408997100334E+02
  0.48700000E+03   -0.419140010334E+02
  0.48800000E+03   -0.429474340334E+02
  0.48900000E+03   -0.440009920334E+02
  0.49000000E+03   -0.450733160334E+02
  0.49100000E+03   -0.461662390334E+02
  0.49200000E+03   -0.472785580334E+02
  0.49300000E+03   -0.484113170334E+02
  0.49400000E+03   -0.495644870334E+02
  0.49500000E+03   -0.507372050334E+02
  0.49600000E+03   -0.519312490334E+02
  0.49700000E+03   -0.531463690334E+02
  0.49800000E+03   -0.543835270334E+02
  0.49900000E+03   -0.556406520334E+02
  0.50000000E+03   -0.569200630334E+02
  0.50100000E+03   -0.582229560334E+02
  0.50200000E+03   -0.595468050334E+02
  0.50300000E+03   -0.608929160334E+02
  0.50400000E+03   -0.622610890334E+02
  0.50500000E+03   -0.636526240334E+02
  0.50600000E+03   -0.650678395167E+02
  0.50700000E+03   -0.665058159167E+02
  0.50800000E+03   -0.679675783167E+02
  0.50900000E+03   -0.694516924500E+02
  0.51000000E+03   -0.709609678667E+02
  0.51100000E+03   -0.724951150667E+02
  0.51200000E+03   -0.740537429667E+02
  0.51300000E+03   -0.756355939667E+02
  0.51400000E+03   -0.772415259667E+02
  0.51500000E+03   -0.788743139667E+02
  0.51600000E+03   -0.805325299667E+02
  0.51700000E+03   -0.822153889667E+02
  0.51800000E+03   -0.839231659667E+02
  0.51900000E+03   -0.856578689667E+02
  0.52000000E+03   -0.874230379667E+02
  0.52100000E+03   -0.892111769667E+02
  0.52200000E+03   -0.910300969667E+02
  0.52300000E+03   -0.928734849667E+02
  0.52400000E+03   -0.947414989667E+02
  0.52500000E+03   -0.966381589667E+02
  0.52600000E+03   -0.985625829667E+02
  0.52700000E+03   -0.100516388967E+03
  0.52800000E+03   -0.102498749967E+03
  0.52900000E+03   -0.104511014967E+03
  0.53000000E+03   -0.106552428967E+03
  0.53100000E+03   -0.108620884967E+03
  0.53200000E+03   -0.110721268967E+03
  0.53300000E+03   -0.112849109967E+03
  0.53400000E+03   -0.115006599113E+03
  0.53500000E+03   -0.117195678680E+03
  0.53600000E+03   -0.119414748230E+03
  0.53700000E+03   -0.121666419163E+03
  0.53800000E+03   -0.123947976080E+03
  0.53900000E+03   -0.126259814080E+03
  0.54000000E+03   -0.128605606080E+03
  0.54100000E+03   -0.130979710080E+03
  0.54200000E+03   -0.133387803080E+03
  0.54300000E+03   -0.135832205080E+03
  0.54400000E+03   -0.138305130080E+03
  0.54500000E+03   -0.140812471080E+03
  0.54600000E+03   -0.143355348080E+03
  0.54700000E+03   -0.145928698080E+03
  0.54800000E+03   -0.148537472080E+03
  0.54900000E+03   -0.151179370080E+03
  0.55000000E+03   -0.153854897080E+03
  0.55100000E+03   -0.156559084080E+03
  0.55200000E+03   -0.159299642080E+03
  0.55300000E+03   -0.162077534080E+03
  0.55400000E+03   -0.164888251080E+03
  0.55500000E+03   -0.167739394080E+03
  0.55600000E+03   -0.170629033080E+03
  0.55700000E+03   -0.173555263080E+03
  0.55800000E+03   -0.176515852663E+03
  0.55900000E+03   -0.179512501896E+03
  0.56000000E+03   -0.182541078996E+03
  0.56100000E+03   -0.185607789729E+03
  0.56200000E+03   -0.188714501896E+03
  0.56300000E+03   -0.191856941896E+03
  0.56400000E+03   -0.195041530896E+03
  0.56500000E+03   -0.198263769896E+03
  0.56600000E+03   -0.201526138896E+03
  0.56700000E+03   -0.204834456896E+03
  0.56800000E+03   -0.208167160896E+03
  0.56900000E+03   -0.211546493896E+03
  0.57000000E+03   -0.214965891896E+03
  0.57100000E+03   -0.218423595896E+03
  0.57200000E+03   -0.221924208896E+03
  0.57300000E+03   -0.225464930896E+03
  0.57400000E+03   -0.229046825896E+03
  0.57500000E+03   -0.232667417896E+03
  0.57600000E+03   -0.236331013896E+03
  0.57700000E+03   -0.240036545896E+03
  0.57800000E+03   -0.243787523896E+03
  0.57900000E+03   -0.247581603896E+03
  0.58000000E+03   -0.251416419896E+03
  0.58100000E+03   -0.255291834896E+03
  0.58200000E+03   -0.259220706336E+03
  0.58300000E+03   -0.263184679836E+03
  0.58400000E+03   -0.267187746186E+03
  0.58500000E+03   -0.271242796852E+03
  0.58600000E+03   -0.275346736186E+03
  0.58700000E+03   -0.279487075186E+03
  0.58800000E+03   -0.283667739186E+03
  0.58900000E+03   -0.287893414186E+03
  0.59000000E+03   -0.292177314186E+03
  0.59100000E+03   -0.296488855186E+03
  0.59200000E+03   -0.300855468186E+03
  0.59300000E+03   -0.305274321186E+03
  0.59400000E+03   -0.309744289186E+03
  0.59500000E+03   -0.314255809186E+03
  0.59600000E+03   -0.318819016186E+03
  0.59700000E+03   -0.323426150186E+03
  0.59800000E+03   -0.328076735186E+03
  0.59900000E+03   -0.332783417186E+03
  0.60000000E+03   -0.337541542186E+03
  0.60100000E+03   -0.342350580186E+03
  0.60200000E+03   -0.347202938105E+03
  0.60300000E+03   -0.352128209071E+03
  0.60400000E+03   -0.357084203321E+03
  0.60500000E+03   -0.362098129321E+03
  0.60600000E+03   -0.367159721821E+03
  0.60700000E+03   -0.372274206821E+03
  0.60800000E+03   -0.377432344821E+03
  0.60900000E+03   -0.382665867821E+03
  0.61000000E+03   -0.387940594821E+03
  0.61100000E+03   -0.393257152821E+03
  0.61200000E+03   -0.398629862821E+03
  0.61300000E+03   -0.404059548821E+03
  0.61400000E+03   -0.409537305821E+03
  0.61500000E+03   -0.415069250821E+03
  0.61600000E+03   -0.420667882821E+03
  0.61700000E+03   -0.426293040821E+03
  0.61800000E+03   -0.431966550821E+03
  0.61900000E+03   -0.437725433821E+03
  0.62000000E+03   -0.443502201821E+03
  0.62100000E+03   -0.449371391821E+03
  0.62200000E+03   -0.455283439751E+03
  0.62300000E+03   -0.461242599785E+03
  0.62400000E+03   -0.467285816785E+03
  0.62500000E+03   -0.473376842118E+03
  0.62600000E+03   -0.479494787951E+03
  0.62700000E+03   -0.485716268951E+03
  0.62800000E+03   -0.491926308951E+03
  0.62900000E+03   -0.498269535951E+03
  0.63000000E+03   -0.504731605951E+03
  0.63100000E+03   -0.511208207951E+03
  0.63200000E+03   -0.517717410951E+03
  0.63300000E+03   -0.524183298951E+03
  0.63400000E+03   -0.530809092951E+03
  0.63500000E+03   -0.537521980951E+03
  0.63600000E+03   -0.544219880951E+03
  0.63700000E+03   -0.551041364951E+03
  0.63800000E+03   -0.557854814951E+03
  0.63900000E+03   -0.564762734951E+03
  0.64000000E+03   -0.571878634951E+03
  0.64100000E+03   -0.578855664951E+03
  0.64200000E+03   -0.586033854951E+03
  0.64300000E+03   -0.593182224951E+03
  0.64400000E+03   -0.600510754951E+03
  0.64500000E+03   -0.607796614951E+03
